0 
0 
0 
0 
0 
0 
0 
0 
0 
0 
0 
0 
0 
0 
0 
0 
0 
0 
0 
0 
0 
0 
0 
0 
0 
0 
0 
0 
0 
0 
0 
0 
0 
0 
0 
0 
0 
0 
0 
0 
0 
0 
0 
0 
0 
0 
0 
0 
0 
0 
0 
0 
0 
0 
0 
0 
0 
0 
0 
0 
0 
0 
2 
3 
4 
5 
0 
0 
0 
0 
0 
0 
0 
0 
0 
0 
0 
0 
0 
0 
0 
0 
0 
0 
0 
0 
0 
0 
0 
0 
0 
0 
0 
0 
0 
0 
0 
0 
0 
0 
0 
0 
0 
0 
0 
0 
0 
0 
0 
0 
0 
0 
0 
0 
0 
0 
0 
0 
0 
0 
0 
0 
0 
0 
0 
0 
-706 
550 
1207 
-679 
303 
1627 
-173 
1680 
-1899 
1299 
-1647 
-615 
1389 
1959 
1629 
0 
1354 
-1499 
-696 
655 
-377 
993 
1930 
580 
-1770 
-1274 
1231 
-79 
-87 
-1224 
1235 
-1761 
924 
299 
-1087 
-465 
1885 
-142 
-1457 
-1940 
-1313 
-1317 
157 
-985 
152 
-773 
-221 
760 
-1814 
1689 
1781 
-1054 
415 
403 
465 
-703 
-1254 
-795 
-1762 
480 
950 
39 
0 
0 
0 
0 
0 
0 
0 
0 
0 
0 
0 
0 
0 
0 
0 
0 
0 
0 
0 
0 
0 
0 
0 
0 
0 
0 
0 
0 
0 
0 
0 
0 
0 
0 
0 
0 
0 
0 
0 
0 
0 
0 
0 
0 
0 
0 
0 
0 
0 
0 
0 
0 
0 
0 
0 
0 
0 
0 
0 
0 
0 
0 
